{
  "camera_angle_x": 0.3172370633488018,
  "camera_angle_y": 0.7359001999161403,
  "fl_x": 700.1648476507867,
  "fl_y": 518.7976613798206,
  "k1": 0,
  "k2": 0,
  "k3": 0,
  "k4": 0,
  "p1": 0,
  "p2": 0,
  "is_fisheye": false,
  "cx": 128.2441550590476,
  "cy": 144.68225198924353,
  "w": 224.0,
  "h": 400.0,
  "aabb_scale": 1,
  "frames": [
    {
      "file_path": "./images/00000069.png",
      "sharpness": 98.89102678571429,
      "transform_matrix": [
        [
          -0.8594462437232201,
          -0.04411857686171236,
          -0.5093188641006696,
          -2.153163055406017
        ],
        [
          -0.5111931371402267,
          0.08548319686846881,
          0.8552041859076092,
          3.419851181099318
        ],
        [
          0.00580781312031946,
          0.995362333138988,
          -0.096021326162159,
          -0.3860788289916875
        ],
        [
          0.0,
          0.0,
          0.0,
          1.0
        ]
      ]
    },
    {
      "file_path": "./images/00000068.png",
      "sharpness": 101.96366071428571,
      "transform_matrix": [
        [
          -0.8255228387138804,
          -0.04065731901486655,
          -0.5629023229436451,
          -2.372372821992767
        ],
        [
          -0.5642157894980258,
          0.08267202183889996,
          0.8214778631747814,
          3.2761920924480945
        ],
        [
          0.013137185588816587,
          0.9957471160985799,
          -0.09118714349751066,
          -0.363152584299591
        ],
        [
          0.0,
          0.0,
          0.0,
          1.0
        ]
      ]
    },
    {
      "file_path": "./images/00000067.png",
      "sharpness": 97.98915178571428,
      "transform_matrix": [
        [
          -0.7972400185266885,
          -0.04013266418549808,
          -0.60232692296459,
          -2.5157502338862785
        ],
        [
          -0.6034143656170541,
          0.08158323575880227,
          0.7932435181015399,
          3.1410116733717466
        ],
        [
          0.017304803630801918,
          0.9958581951821985,
          -0.08925804648782927,
          -0.35280484709029974
        ],
        [
          0.0,
          0.0,
          0.0,
          1.0
        ]
      ]
    },
    {
      "file_path": "./images/00000066.png",
      "sharpness": 97.4078125,
      "transform_matrix": [
        [
          -0.7585586089039655,
          -0.04406243377619822,
          -0.650113327651765,
          -2.709490796187154
        ],
        [
          -0.6512618101790556,
          0.08363621979921977,
          0.7542300957532875,
          2.9663560512695435
        ],
        [
          0.021139807519740338,
          0.9955217148161366,
          -0.09213915492686404,
          -0.3620223853391168
        ],
        [
          0.0,
          0.0,
          0.0,
          1.0
        ]
      ]
    },
    {
      "file_path": "./images/00000065.png",
      "sharpness": 91.80600446428572,
      "transform_matrix": [
        [
          -0.7281176936192308,
          -0.04310867314198526,
          -0.6840952174526592,
          -2.837447018961921
        ],
        [
          -0.6849258100686907,
          0.08485958953038727,
          0.723654257754695,
          2.8225841604559845
        ],
        [
          0.026856264487380606,
          0.9954599401119651,
          -0.09131401148310087,
          -0.3587109039309095
        ],
        [
          0.0,
          0.0,
          0.0,
          1.0
        ]
      ]
    },
    {
      "file_path": "./images/00000063.png",
      "sharpness": 91.24832589285714,
      "transform_matrix": [
        [
          -0.6496406917143049,
          -0.038928116843229194,
          -0.759244080247618,
          -3.1301519929069577
        ],
        [
          -0.7595493194637668,
          0.07583806295778747,
          0.6460134824513776,
          2.4919181606608904
        ],
        [
          0.0324315120309777,
          0.9963599700554521,
          -0.07883531633445078,
          -0.30421722409740015
        ],
        [
          0.0,
          0.0,
          0.0,
          1.0
        ]
      ]
    },
    {
      "file_path": "./images/00000064.png",
      "sharpness": 92.88325892857142,
      "transform_matrix": [
        [
          -0.6873904340565852,
          -0.04178419522873995,
          -0.7250851482409757,
          -3.0032003216907004
        ],
        [
          -0.725703498453524,
          0.07956244736860175,
          0.6833917246360621,
          2.649040641199625
        ],
        [
          0.02913457570477894,
          0.9959537629834297,
          -0.08501340188886898,
          -0.3327189294142051
        ],
        [
          0.0,
          0.0,
          0.0,
          1.0
        ]
      ]
    },
    {
      "file_path": "./images/00000062.png",
      "sharpness": 97.11805803571428,
      "transform_matrix": [
        [
          -0.6237835265186572,
          -0.03998319452594802,
          -0.7805737993312997,
          -3.227820324762997
        ],
        [
          -0.7809428936832782,
          0.07273783135294691,
          0.620352645432963,
          2.40450990591807
        ],
        [
          0.03197356487725651,
          0.9965493224364873,
          -0.07659725258445585,
          -0.29557108046892355
        ],
        [
          0.0,
          0.0,
          0.0,
          1.0
        ]
      ]
    },
    {
      "file_path": "./images/00000061.png",
      "sharpness": 91.98899553571428,
      "transform_matrix": [
        [
          -0.5993357452981231,
          -0.03271590387666289,
          -0.7998289404894827,
          -3.287992754298855
        ],
        [
          -0.7996450725200078,
          0.07057377806560937,
          0.5963112441033079,
          2.2931464438622307
        ],
        [
          0.03693808879389916,
          0.9969699150356206,
          -0.06845849920346801,
          -0.25859279739982227
        ],
        [
          0.0,
          0.0,
          0.0,
          1.0
        ]
      ]
    },
    {
      "file_path": "./images/00000060.png",
      "sharpness": 90.46448660714286,
      "transform_matrix": [
        [
          -0.5660248425095162,
          -0.03804309347444251,
          -0.8235099275078744,
          -3.3756311861559403
        ],
        [
          -0.8236421451126106,
          0.06858497329673682,
          0.5629473494317211,
          2.1347874377432428
        ],
        [
          0.03506414775210463,
          0.9969196680173558,
          -0.07015469382481422,
          -0.26555493498388805
        ],
        [
          0.0,
          0.0,
          0.0,
          1.0
        ]
      ]
    },
    {
      "file_path": "./images/00000059.png",
      "sharpness": 89.29560267857143,
      "transform_matrix": [
        [
          -0.5345374739070007,
          -0.037187653194166746,
          -0.8443262209845698,
          -3.4494450857145016
        ],
        [
          -0.8443221926600728,
          0.06756445069754347,
          0.5315591030013902,
          2.000175486041749
        ],
        [
          0.03727900175573711,
          0.9970216263727203,
          -0.06751409168656018,
          -0.2549008402388517
        ],
        [
          0.0,
          0.0,
          0.0,
          1.0
        ]
      ]
    },
    {
      "file_path": "./images/00000058.png",
      "sharpness": 89.4271875,
      "transform_matrix": [
        [
          -0.5075658057566189,
          -0.03291773352753368,
          -0.8609839578349274,
          -3.5003251018521078
        ],
        [
          -0.8607971845803684,
          0.06284746325203926,
          0.5050528718672047,
          1.8874895696481357
        ],
        [
          0.03748546179718566,
          0.9974801347321411,
          -0.060234715668548565,
          -0.22672375128062378
        ],
        [
          0.0,
          0.0,
          0.0,
          1.0
        ]
      ]
    },
    {
      "file_path": "./images/00000056.png",
      "sharpness": 93.24216517857143,
      "transform_matrix": [
        [
          -0.44293496582567576,
          -0.043764428877020214,
          -0.8954849472867356,
          -3.6886610205421513
        ],
        [
          -0.8959373162142433,
          0.05863842647269123,
          0.4402929256252505,
          1.6963855129265455
        ],
        [
          0.03324065981029361,
          0.9973195123474387,
          -0.0651831943794795,
          -0.24741556183060334
        ],
        [
          0.0,
          0.0,
          0.0,
          1.0
        ]
      ]
    },
    {
      "file_path": "./images/00000055.png",
      "sharpness": 88.06207589285714,
      "transform_matrix": [
        [
          -0.4108787319034978,
          -0.05480121291605767,
          -0.9100414796784565,
          -3.781605783902514
        ],
        [
          -0.911199434407087,
          0.05742589826204781,
          0.40794344821925743,
          1.5912653318474557
        ],
        [
          0.029904153662684202,
          0.9968445682626673,
          -0.07352991447026357,
          -0.28288065602420925
        ],
        [
          0.0,
          0.0,
          0.0,
          1.0
        ]
      ]
    },
    {
      "file_path": "./images/00000057.png",
      "sharpness": 92.05421875,
      "transform_matrix": [
        [
          -0.474745739498068,
          -0.040736135633837205,
          -0.8791797598245233,
          -3.6119701783789107
        ],
        [
          -0.8792971151286787,
          0.0652174892852725,
          0.47178730633382393,
          1.7982627534724571
        ],
        [
          0.03811910486504696,
          0.9970392401244809,
          -0.06678089172326764,
          -0.25680042464658537
        ],
        [
          0.0,
          0.0,
          0.0,
          1.0
        ]
      ]
    },
    {
      "file_path": "./images/00000039.png",
      "sharpness": 62.20850446428572,
      "transform_matrix": [
        [
          0.9653667993550641,
          -0.0007077716869710143,
          0.2608954613734218,
          1.22023270888934
        ],
        [
          0.25749332719457874,
          -0.15840399730411195,
          -0.9532079311925397,
          -3.6978073366198525
        ],
        [
          0.04200153754554482,
          0.9873741300542115,
          -0.15273571339594652,
          -0.5889393356039411
        ],
        [
          0.0,
          0.0,
          0.0,
          1.0
        ]
      ]
    },
    {
      "file_path": "./images/00000042.png",
      "sharpness": 75.58113839285714,
      "transform_matrix": [
        [
          0.9946405720388857,
          -0.0041392874876570295,
          0.10331020644788871,
          0.6032589876028339
        ],
        [
          0.1012131171902801,
          -0.16512097007903648,
          -0.981066241468333,
          -3.8367633347591017
        ],
        [
          0.02111959672561347,
          0.9862646356542645,
          -0.16381706594545611,
          -0.6352744529665901
        ],
        [
          0.0,
          0.0,
          0.0,
          1.0
        ]
      ]
    },
    {
      "file_path": "./images/00000054.png",
      "sharpness": 86.68848214285714,
      "transform_matrix": [
        [
          -0.3428923232957175,
          -0.07799019837986199,
          -0.9361316059105079,
          -3.8872982210353397
        ],
        [
          -0.9391173181714879,
          0.051787667254705225,
          0.3396714592525028,
          1.3227178278136142
        ],
        [
          0.02198902762242631,
          0.9956081390185827,
          -0.09099953948918972,
          -0.3593786651766276
        ],
        [
          0.0,
          0.0,
          0.0,
          1.0
        ]
      ]
    },
    {
      "file_path": "./images/00000041.png",
      "sharpness": 69.56087053571429,
      "transform_matrix": [
        [
          0.9899544271895485,
          -0.006294194506897626,
          0.14124664670842388,
          0.7531391588958576
        ],
        [
          0.1382901605091699,
          -0.16483352655528602,
          -0.9765785887626826,
          -3.825685044235386
        ],
        [
          0.029428958480001946,
          0.9863013188888297,
          -0.1623072541940367,
          -0.6298212836892547
        ],
        [
          0.0,
          0.0,
          0.0,
          1.0
        ]
      ]
    },
    {
      "file_path": "./images/00000040.png",
      "sharpness": 64.08901785714286,
      "transform_matrix": [
        [
          0.9780415000536947,
          -0.00476336412235773,
          0.20835578834774107,
          1.0108724502641089
        ],
        [
          0.20507958192896916,
          -0.1560215697218284,
          -0.9662295973822129,
          -3.75950649153282
        ],
        [
          0.03711050055677417,
          0.9877421627868125,
          -0.15161870136868058,
          -0.5867567676538031
        ],
        [
          0.0,
          0.0,
          0.0,
          1.0
        ]
      ]
    },
    {
      "file_path": "./images/00000037.png",
      "sharpness": 54.39638392857143,
      "transform_matrix": [
        [
          0.9314529433918834,
          0.007559887856137373,
          0.3637832628712476,
          1.6249730183110378
        ],
        [
          0.3603667942623547,
          -0.15740617098822318,
          -0.9194341036354464,
          -3.5312004541424202
        ],
        [
          0.05031091176357313,
          0.9875050103333262,
          -0.14934077382672575,
          -0.5716938672894508
        ],
        [
          0.0,
          0.0,
          0.0,
          1.0
        ]
      ]
    },
    {
      "file_path": "./images/00000038.png",
      "sharpness": 57.73683035714286,
      "transform_matrix": [
        [
          0.9502777058323977,
          -0.0008022269383425736,
          0.31140269464618714,
          1.4175300550750565
        ],
        [
          0.30748358160404593,
          -0.155755503143966,
          -0.938719377814443,
          -3.629218567112116
        ],
        [
          0.049255749357430545,
          0.9877953126408856,
          -0.14776431058615805,
          -0.5687819933080567
        ],
        [
          0.0,
          0.0,
          0.0,
          1.0
        ]
      ]
    },
    {
      "file_path": "./images/00000036.png",
      "sharpness": 49.706116071428575,
      "transform_matrix": [
        [
          0.909070712678783,
          0.0073488581235528205,
          0.41657704405910445,
          1.8265470817946934
        ],
        [
          0.4120292361476902,
          -0.16422303940168365,
          -0.8962492409420723,
          -3.44125475246534
        ],
        [
          0.061825139805329915,
          0.9863958574613642,
          -0.15231829986636974,
          -0.5823970828001388
        ],
        [
          0.0,
          0.0,
          0.0,
          1.0
        ]
      ]
    },
    {
      "file_path": "./images/00000028.png",
      "sharpness": 108.76995535714286,
      "transform_matrix": [
        [
          0.6140820555291916,
          0.023014562762526353,
          0.7889065590936264,
          3.128883328997688
        ],
        [
          0.7859267875333175,
          -0.10935592356530327,
          -0.6085724004740573,
          -2.3365934959863117
        ],
        [
          0.07226557767015744,
          0.9937361882738603,
          -0.08524127170571089,
          -0.3338149697597265
        ],
        [
          0.0,
          0.0,
          0.0,
          1.0
        ]
      ]
    },
    {
      "file_path": "./images/00000031.png",
      "sharpness": 83.05113839285714,
      "transform_matrix": [
        [
          0.7469516441935988,
          0.02161853930270736,
          0.6645268090889556,
          2.6995217616683496
        ],
        [
          0.6608662981125626,
          -0.13377381855703252,
          -0.7384851396525759,
          -2.814439745116423
        ],
        [
          0.07293131876930513,
          0.990776061595203,
          -0.11420953776081279,
          -0.440598917064636
        ],
        [
          0.0,
          0.0,
          0.0,
          1.0
        ]
      ]
    },
    {
      "file_path": "./images/00000029.png",
      "sharpness": 102.68616071428572,
      "transform_matrix": [
        [
          0.6562003156890364,
          0.018432641927092538,
          0.7543615733878875,
          3.0043592426254198
        ],
        [
          0.7502552757638346,
          -0.12289793138146449,
          -0.6496253686939162,
          -2.49806887626299
        ],
        [
          0.08073516507514772,
          0.9922481222843242,
          -0.0944748482221134,
          -0.369340993701878
        ],
        [
          0.0,
          0.0,
          0.0,
          1.0
        ]
      ]
    },
    {
      "file_path": "./images/00000032.png",
      "sharpness": 70.54553571428572,
      "transform_matrix": [
        [
          0.7825744549785328,
          0.016051589627812776,
          0.6223500372688389,
          2.560114398861277
        ],
        [
          0.6175785591189397,
          -0.14618653344253654,
          -0.7728041283253122,
          -2.9395560528859517
        ],
        [
          0.07857445980560752,
          0.9891268088134493,
          -0.12431496432790723,
          -0.4770270493607755
        ],
        [
          0.0,
          0.0,
          0.0,
          1.0
        ]
      ]
    },
    {
      "file_path": "./images/00000033.png",
      "sharpness": 64.04995535714286,
      "transform_matrix": [
        [
          0.8101977538580175,
          0.027106637048510858,
          0.5855295294640536,
          2.453110296481414
        ],
        [
          0.5823434397262638,
          -0.15098117194705057,
          -0.7987996018559949,
          -3.034788360391646
        ],
        [
          0.06675116368608248,
          0.9881649234558032,
          -0.13810997864459268,
          -0.5274889120730322
        ],
        [
          0.0,
          0.0,
          0.0,
          1.0
        ]
      ]
    },
    {
      "file_path": "./images/00000030.png",
      "sharpness": 87.92850446428571,
      "transform_matrix": [
        [
          0.7049481550346866,
          0.018954421350588026,
          0.7090055208723757,
          2.8409195649138694
        ],
        [
          0.7046671332981861,
          -0.13228118316157858,
          -0.6970982139058358,
          -2.6674864726512095
        ],
        [
          0.0805749958999756,
          0.9910309876566185,
          -0.10660793377200502,
          -0.41274329127430887
        ],
        [
          0.0,
          0.0,
          0.0,
          1.0
        ]
      ]
    },
    {
      "file_path": "./images/00000035.png",
      "sharpness": 50.68196428571429,
      "transform_matrix": [
        [
          0.8755154158359013,
          0.015330680177270099,
          0.48294691932141265,
          2.086981946856831
        ],
        [
          0.47951492058002865,
          -0.15060934352980018,
          -0.864512733615109,
          -3.301494186348895
        ],
        [
          0.05948275025050657,
          0.9884744791292408,
          -0.13921209191690664,
          -0.5343404604463549
        ],
        [
          0.0,
          0.0,
          0.0,
          1.0
        ]
      ]
    },
    {
      "file_path": "./images/00000014.png",
      "sharpness": 153.44654017857144,
      "transform_matrix": [
        [
          -0.07895764297871474,
          0.008966260826142781,
          0.9968376481579615,
          3.9424569472361437
        ],
        [
          0.9964430212219672,
          -0.028825955525397212,
          0.07918566629197003,
          0.3013763463848112
        ],
        [
          0.02944479704950868,
          0.9995442313664323,
          -0.006658338521771284,
          -0.02907570498024598
        ],
        [
          0.0,
          0.0,
          0.0,
          1.0
        ]
      ]
    },
    {
      "file_path": "./images/00000009.png",
      "sharpness": 164.96171875,
      "transform_matrix": [
        [
          -0.3977066887210877,
          0.031283878972424045,
          0.9169791211723411,
          3.643851423248018
        ],
        [
          0.9175111208214819,
          0.011759615678795,
          0.39753623056019954,
          1.5525445584645396
        ],
        [
          0.0016531532735330461,
          0.9994413591394923,
          -0.03338018467187853,
          -0.1254880585776879
        ],
        [
          0.0,
          0.0,
          0.0,
          1.0
        ]
      ]
    },
    {
      "file_path": "./images/00000010.png",
      "sharpness": 159.73399553571429,
      "transform_matrix": [
        [
          -0.31389326810191737,
          0.03692329422716732,
          0.948740052167486,
          3.7785195418853395
        ],
        [
          0.9494226535786748,
          0.0035508020451609015,
          0.3139809176948193,
          1.2289980217913863
        ],
        [
          0.008224421688199458,
          0.999311794262091,
          -0.03617038484236191,
          -0.1349433447555271
        ],
        [
          0.0,
          0.0,
          0.0,
          1.0
        ]
      ]
    },
    {
      "file_path": "./images/00000011.png",
      "sharpness": 148.57700892857142,
      "transform_matrix": [
        [
          -0.2397874077503824,
          0.025094961857738546,
          0.9705010262626018,
          3.842714244038371
        ],
        [
          0.9706780062060065,
          -0.011222891998321397,
          0.2401213338359234,
          0.923030811217349
        ],
        [
          0.01691766391584709,
          0.9996220733795458,
          -0.021668019362145453,
          -0.08212987582821434
        ],
        [
          0.0,
          0.0,
          0.0,
          1.0
        ]
      ]
    },
    {
      "file_path": "./images/00000007.png",
      "sharpness": 167.66881696428572,
      "transform_matrix": [
        [
          -0.5404709627197558,
          0.029392559540658288,
          0.8408491041224232,
          3.3550038328040324
        ],
        [
          0.8413023199517042,
          0.03084934073530665,
          0.539683911766966,
          2.1171897792568624
        ],
        [
          -0.010076949010304046,
          0.9990917853845624,
          -0.041401201417355406,
          -0.15564337296330213
        ],
        [
          0.0,
          0.0,
          0.0,
          1.0
        ]
      ]
    },
    {
      "file_path": "./images/00000005.png",
      "sharpness": 165.91814732142856,
      "transform_matrix": [
        [
          -0.6678699028497544,
          0.024187634672693987,
          0.7438849045379616,
          2.977980237962735
        ],
        [
          0.7441049133878888,
          0.04325545180149839,
          0.6666609661300622,
          2.6203973515956833
        ],
        [
          -0.016052125734804842,
          0.9987712071447861,
          -0.046887152195571845,
          -0.17384170195333648
        ],
        [
          0.0,
          0.0,
          0.0,
          1.0
        ]
      ]
    },
    {
      "file_path": "./images/00000008.png",
      "sharpness": 165.18604910714285,
      "transform_matrix": [
        [
          -0.4738263083662747,
          0.01671885334508525,
          0.8804596012571309,
          3.4967936898760996
        ],
        [
          0.8806153006945264,
          0.01161486957510179,
          0.473689547053193,
          1.8419012053312247
        ],
        [
          -0.0023068773664654944,
          0.9997927659023383,
          -0.020226308838676214,
          -0.07658601002634992
        ],
        [
          0.0,
          0.0,
          0.0,
          1.0
        ]
      ]
    },
    {
      "file_path": "./images/00000003.png",
      "sharpness": 168.73125,
      "transform_matrix": [
        [
          -0.7687662245451514,
          0.02532348707836916,
          0.6390283350555263,
          2.5799394718645248
        ],
        [
          0.6392423419706342,
          0.06038823465822442,
          0.7666306081463086,
          3.026044363648924
        ],
        [
          -0.019176032751312203,
          0.9978536877318807,
          -0.06261228035198965,
          -0.2341184171534033
        ],
        [
          0.0,
          0.0,
          0.0,
          1.0
        ]
      ]
    },
    {
      "file_path": "./images/00000006.png",
      "sharpness": 162.93698660714287,
      "transform_matrix": [
        [
          -0.6026871097250899,
          0.027221772929771463,
          0.7975131490156322,
          3.185311001392514
        ],
        [
          0.7978580759978233,
          0.037853845885903965,
          0.6016556963220033,
          2.3650926180748395
        ],
        [
          -0.013810805087638572,
          0.9989124393225223,
          -0.04453313634395155,
          -0.16626954705929242
        ],
        [
          0.0,
          0.0,
          0.0,
          1.0
        ]
      ]
    },
    {
      "file_path": "./images/00000002.png",
      "sharpness": 159.93292410714287,
      "transform_matrix": [
        [
          -0.8147382987869104,
          0.027519182444760586,
          0.5791754475894463,
          2.345254411108544
        ],
        [
          0.5795256005423155,
          0.07094958524151632,
          0.8118597382985207,
          3.2010307547609487
        ],
        [
          -0.018750541530748198,
          0.9971002211185612,
          -0.07375341511204331,
          -0.2754356658976067
        ],
        [
          0.0,
          0.0,
          0.0,
          1.0
        ]
      ]
    },
    {
      "file_path": "./images/00000000.png",
      "sharpness": 132.34375,
      "transform_matrix": [
        [
          -0.8565241169531087,
          0.018808405741177266,
          0.515764171840411,
          2.0963917413094637
        ],
        [
          0.5156473737269366,
          0.07335243203366802,
          0.8536552036292383,
          3.377874503096796
        ],
        [
          -0.02177666292739881,
          0.9971287101429159,
          -0.07252663209842912,
          -0.26710482775237304
        ],
        [
          0.0,
          0.0,
          0.0,
          1.0
        ]
      ]
    },
    {
      "file_path": "./images/00000001.png",
      "sharpness": 152.65220982142858,
      "transform_matrix": [
        [
          -0.8326979441656192,
          0.02510029555774259,
          0.5531583036964354,
          2.2481896611724634
        ],
        [
          0.5533719659309815,
          0.07351365973561055,
          0.8296838007060129,
          3.2782069630697412
        ],
        [
          -0.01983938270067513,
          0.9969782931429576,
          -0.07510447322817047,
          -0.28093995417731027
        ],
        [
          0.0,
          0.0,
          0.0,
          1.0
        ]
      ]
    },
    {
      "file_path": "./images/00000004.png",
      "sharpness": 169.09674107142857,
      "transform_matrix": [
        [
          -0.7228756285817279,
          0.027451296856224546,
          0.6904326555910688,
          2.777967547347836
        ],
        [
          0.690736587005105,
          0.05512839037056522,
          0.7210019611261169,
          2.8373301929912476
        ],
        [
          -0.01827000209321731,
          0.9981018419375466,
          -0.05881258494115372,
          -0.21902521909743333
        ],
        [
          0.0,
          0.0,
          0.0,
          1.0
        ]
      ]
    },
    {
      "file_path": "./images/00000012.png",
      "sharpness": 147.1840625,
      "transform_matrix": [
        [
          -0.17077652822629932,
          0.02465306271650955,
          0.9850013217801893,
          3.8977176509620053
        ],
        [
          0.9850835644248961,
          -0.017148870031880672,
          0.17121999695300927,
          0.6578646300293353
        ],
        [
          0.02111275697164222,
          0.9995489696650156,
          -0.02135670240772116,
          -0.08172857870999378
        ],
        [
          0.0,
          0.0,
          0.0,
          1.0
        ]
      ]
    },
    {
      "file_path": "./images/00000013.png",
      "sharpness": 152.28709821428572,
      "transform_matrix": [
        [
          -0.12277495330782211,
          0.019610634946167143,
          0.9922407640488888,
          3.9207577590995246
        ],
        [
          0.9921077363618146,
          -0.02323052591921303,
          0.12321762096620047,
          0.4727649682436679
        ],
        [
          0.02546665057104082,
          0.9995377760072865,
          -0.01660373591001227,
          -0.06557447081537535
        ],
        [
          0.0,
          0.0,
          0.0,
          1.0
        ]
      ]
    },
    {
      "file_path": "./images/00000018.png",
      "sharpness": 144.09964285714287,
      "transform_matrix": [
        [
          0.10152349990303983,
          0.019169030388705054,
          0.9946484440466625,
          4.044543595076838
        ],
        [
          0.9939467768817147,
          -0.044150213839701975,
          -0.10060101065285841,
          -0.458236746562526
        ],
        [
          0.04198551766964789,
          0.9988409817858539,
          -0.023535280201275217,
          -0.09365305876258351
        ],
        [
          0.0,
          0.0,
          0.0,
          1.0
        ]
      ]
    },
    {
      "file_path": "./images/00000015.png",
      "sharpness": 152.80569196428573,
      "transform_matrix": [
        [
          -0.035966969003933466,
          0.02976788901329745,
          0.9989095304017349,
          3.97210795736577
        ],
        [
          0.9989743678727613,
          -0.026440818726294186,
          0.036757250146298166,
          0.14456399065563671
        ],
        [
          0.027506171560108938,
          0.9992070635718316,
          -0.02878636200239811,
          -0.1120402821346958
        ],
        [
          0.0,
          0.0,
          0.0,
          1.0
        ]
      ]
    },
    {
      "file_path": "./images/00000017.png",
      "sharpness": 142.21535714285713,
      "transform_matrix": [
        [
          0.03966909745424854,
          0.023476751313919894,
          0.9989370374843263,
          4.037119464507623
        ],
        [
          0.9984695778464654,
          -0.03948499494183953,
          -0.03872256822011237,
          -0.20926178782734317
        ],
        [
          0.03853394376794489,
          0.9989443314445764,
          -0.02500715608594442,
          -0.09654257658749586
        ],
        [
          0.0,
          0.0,
          0.0,
          1.0
        ]
      ]
    },
    {
      "file_path": "./images/00000020.png",
      "sharpness": 139.89439732142858,
      "transform_matrix": [
        [
          0.203627473323693,
          0.021148341088920997,
          0.9788200037698698,
          3.9852019634097426
        ],
        [
          0.977780571088242,
          -0.05525660344472396,
          -0.202217364679992,
          -0.8736350908504822
        ],
        [
          0.04980970698971969,
          0.9982481933106611,
          -0.03193019957139256,
          -0.12999304874412004
        ],
        [
          0.0,
          0.0,
          0.0,
          1.0
        ]
      ]
    },
    {
      "file_path": "./images/00000021.png",
      "sharpness": 132.40399553571427,
      "transform_matrix": [
        [
          0.25555104320066624,
          0.00765758900661708,
          0.9667652381280109,
          3.932630660621598
        ],
        [
          0.9650917381914234,
          -0.06136161176459371,
          -0.25462264132697554,
          -1.0957844484028976
        ],
        [
          0.057372477670454745,
          0.9980862257016251,
          -0.02307129978366784,
          -0.09672007118297944
        ],
        [
          0.0,
          0.0,
          0.0,
          1.0
        ]
      ]
    },
    {
      "file_path": "./images/00000091.png",
      "sharpness": 154.2965625,
      "transform_matrix": [
        [
          -0.8906704101964654,
          0.010828535262717544,
          0.45452058614277996,
          1.8044396529031346
        ],
        [
          0.45382013664659115,
          0.08153378916965826,
          0.8873553542959687,
          3.5723659492593622
        ],
        [
          -0.027450026899279775,
          0.9966117519128255,
          -0.07753394079722058,
          -0.31119236141236617
        ],
        [
          0.0,
          0.0,
          0.0,
          1.0
        ]
      ]
    },
    {
      "file_path": "./images/00000022.png",
      "sharpness": 139.40879464285715,
      "transform_matrix": [
        [
          0.287328262919103,
          0.014513516828967933,
          0.9577222077200666,
          3.884999118974968
        ],
        [
          0.955630622236,
          -0.07209772751805656,
          -0.2856081783345573,
          -1.2248466671024536
        ],
        [
          0.06490441566744347,
          0.9972919710491209,
          -0.03458527592627733,
          -0.14177124206826894
        ],
        [
          0.0,
          0.0,
          0.0,
          1.0
        ]
      ]
    },
    {
      "file_path": "./images/00000092.png",
      "sharpness": 166.70841517857144,
      "transform_matrix": [
        [
          -0.8565467460078822,
          0.016204970187245253,
          0.5158149579525503,
          2.06669513104843
        ],
        [
          0.5155063070493325,
          0.07354736969969738,
          0.8537236272955273,
          3.4468215383023626
        ],
        [
          -0.02410226748069916,
          0.9971600590449561,
          -0.07135052453078584,
          -0.2878007857490386
        ],
        [
          0.0,
          0.0,
          0.0,
          1.0
        ]
      ]
    },
    {
      "file_path": "./images/00000019.png",
      "sharpness": 148.12886160714285,
      "transform_matrix": [
        [
          0.14477460339639267,
          0.008380844334971212,
          0.9894291665716665,
          4.022961797035094
        ],
        [
          0.9883691964267053,
          -0.04826606202848315,
          -0.14421067509414337,
          -0.641558471290392
        ],
        [
          0.04654724230713331,
          0.9987993535778635,
          -0.015271068368412168,
          -0.06401608442132489
        ],
        [
          0.0,
          0.0,
          0.0,
          1.0
        ]
      ]
    },
    {
      "file_path": "./images/00000093.png",
      "sharpness": 179.04774553571428,
      "transform_matrix": [
        [
          -0.8255584822531506,
          0.01581042224590521,
          0.564095047781252,
          2.2386802480764816
        ],
        [
          0.5636603403246572,
          0.07129584683629668,
          0.8229240080159312,
          3.313351587062378
        ],
        [
          -0.027206858084701035,
          0.9973299016751458,
          -0.06777059908892966,
          -0.2758895332690514
        ],
        [
          0.0,
          0.0,
          0.0,
          1.0
        ]
      ]
    },
    {
      "file_path": "./images/00000023.png",
      "sharpness": 139.87167410714287,
      "transform_matrix": [
        [
          0.32306193374193143,
          0.011801555537800254,
          0.9463042376830322,
          3.8391085599150028
        ],
        [
          0.9443861182596013,
          -0.06885868442370079,
          -0.3215483497361113,
          -1.3541217116777957
        ],
        [
          0.06136649416392793,
          0.997556617375365,
          -0.03339084496861452,
          -0.13756941714385823
        ],
        [
          0.0,
          0.0,
          0.0,
          1.0
        ]
      ]
    },
    {
      "file_path": "./images/00000094.png",
      "sharpness": 174.02805803571428,
      "transform_matrix": [
        [
          -0.757161372769113,
          0.022014778406628247,
          0.6528568029217067,
          2.588652122528764
        ],
        [
          0.6527783654541872,
          0.06257058667953977,
          0.7549604806064717,
          3.0404716566443017
        ],
        [
          -0.0242293454902268,
          0.9977977105693036,
          -0.06174680236936402,
          -0.2512114185762336
        ],
        [
          0.0,
          0.0,
          0.0,
          1.0
        ]
      ]
    },
    {
      "file_path": "./images/00000025.png",
      "sharpness": 117.82450892857143,
      "transform_matrix": [
        [
          0.4259069575260408,
          0.02072442580474167,
          0.904529580339431,
          3.6383329553153057
        ],
        [
          0.9019511625776835,
          -0.08853799335592791,
          -0.42266431604440874,
          -1.7281521662374306
        ],
        [
          0.07132575871615855,
          0.9958571794743534,
          -0.056401367324025786,
          -0.22557604683805063
        ],
        [
          0.0,
          0.0,
          0.0,
          1.0
        ]
      ]
    },
    {
      "file_path": "./images/00000095.png",
      "sharpness": 180.77066964285714,
      "transform_matrix": [
        [
          -0.6921011701439229,
          0.02234101666917319,
          0.7214546758200773,
          2.8814091428760507
        ],
        [
          0.7214544878181571,
          0.05235686467693846,
          0.6904796743773552,
          2.7938243611049534
        ],
        [
          -0.0223470869174665,
          0.9983785042249509,
          -0.05235427404637141,
          -0.21772993392384185
        ],
        [
          0.0,
          0.0,
          0.0,
          1.0
        ]
      ]
    },
    {
      "file_path": "./images/00000024.png",
      "sharpness": 133.0404017857143,
      "transform_matrix": [
        [
          0.36916892373454857,
          0.01969586736679182,
          0.9291535817938802,
          3.7609869485683722
        ],
        [
          0.9273909260067572,
          -0.07289205912667554,
          -0.3669234498865124,
          -1.5110517071687055
        ],
        [
          0.060501042219151424,
          0.9971453357098933,
          -0.045175251692385246,
          -0.1818079899218821
        ],
        [
          0.0,
          0.0,
          0.0,
          1.0
        ]
      ]
    },
    {
      "file_path": "./images/00000096.png",
      "sharpness": 181.42678571428573,
      "transform_matrix": [
        [
          -0.6301329206092546,
          0.02190232062263698,
          0.776178324045993,
          3.0840203593246005
        ],
        [
          0.7762340187993284,
          0.04329694075817849,
          0.6289563760545271,
          2.5481923105608772
        ],
        [
          -0.0198305427080035,
          0.9988221379582006,
          -0.04428415409133781,
          -0.18497552640707676
        ],
        [
          0.0,
          0.0,
          0.0,
          1.0
        ]
      ]
    },
    {
      "file_path": "./images/00000026.png",
      "sharpness": 122.0934375,
      "transform_matrix": [
        [
          0.48973620936223977,
          0.015850098571961874,
          0.8717265738853073,
          3.4930396863503455
        ],
        [
          0.8684674468599418,
          -0.09712298750722176,
          -0.4861393000388503,
          -1.9718330644546969
        ],
        [
          0.07695933331985563,
          0.9951461700051762,
          -0.06132993838299312,
          -0.2465618825347776
        ],
        [
          0.0,
          0.0,
          0.0,
          1.0
        ]
      ]
    },
